0.158530 0.486901
0.792202 0.762825
0.738013 0.827616
0.615232 0.064454
0.107092 0.863317
0.395908 0.043916
0.848473 0.112317
0.095420 0.786050
0.684045 0.631946
0.771410 0.386939
0.997176 0.122313
0.758012 0.929986
0.762533 0.084336
0.533326 0.509709
0.636874 0.972299
0.950162 0.341602
0.441805 0.922723
0.374015 0.653670
0.778271 0.564235
0.671664 0.493681
0.052601 0.617204
0.924451 0.805943
0.765215 0.477260
0.202208 0.132361
0.515627 0.743434
0.726965 0.074768
0.811187 0.699469
0.279975 0.219012
0.432028 0.086015
0.761284 0.565975
0.800981 0.111699
0.397958 0.640721
0.534756 0.542728
0.215252 0.358151
0.111487 0.883491
0.034437 0.412054
0.379750 0.114754
0.441644 0.424156
0.455495 0.191372
0.883997 0.340742
0.405828 0.518063
0.292495 0.596652
0.002402 0.919627
0.405497 0.379956
0.742196 0.201104
0.272321 0.925283
0.279752 0.253704
0.253414 0.139821
0.392490 0.803965
0.201671 0.023183
0.609499 0.326418
0.408944 0.280827
0.674240 0.344163
0.332389 0.250458
0.082906 0.327106
0.077279 0.761790
0.042681 0.664200
0.106006 0.832295
0.327990 0.733889
0.667471 0.165028
0.677804 0.926069
0.996673 0.259360
0.573410 0.579200
0.421273 0.571400
0.463559 0.187845
0.130020 0.568147
0.762709 0.908728
0.507383 0.707865
0.238117 0.347525
0.619375 0.348913
0.722820 0.843946
0.647478 0.340225
0.444092 0.989274
0.810728 0.578885
0.640736 0.908365
0.590462 0.133695
0.557636 0.917234
0.877854 0.628368
0.352251 0.527682
0.001319 0.453968
0.925306 0.412045
0.459003 0.037425
0.196685 0.863969
0.580991 0.831431
0.887617 0.495244
0.276560 0.910786
0.441488 0.394066
0.483670 0.061173
0.318183 0.736693
0.931086 0.028636
0.530642 0.892334
0.347933 0.161464
0.957348 0.390190
0.311134 0.020936
0.660756 0.727921
0.508105 0.663342
0.169222 0.892430
0.310263 0.202943
0.438764 0.636692
0.202267 0.953977
0.001028 0.010452
0.792647 0.919583
0.625142 0.377996
0.843316 0.646461
0.673651 0.172755
0.998684 0.496322
0.216530 0.936410
0.669476 0.198679
0.882317 0.769212
0.832015 0.144204
0.371683 0.178623
0.340678 0.253929
0.536296 0.454963
0.719356 0.416711
0.934651 0.125615
0.297199 0.425933
0.816531 0.743421
0.984556 0.066090
0.559095 0.250287
0.946981 0.500900
0.680112 0.423567
0.928276 0.396820
0.687639 0.460705
0.998031 0.279303
0.190495 0.586672
0.054709 0.463863
0.890175 0.679098
0.502306 0.530019
0.302363 0.297621
0.136731 0.713357
0.315023 0.176785
0.427488 0.779494
0.980058 0.195976
0.060907 0.913408
0.256845 0.075174
0.823067 0.908579
0.778461 0.561954
0.643746 0.472647
0.095232 0.672994
0.897120 0.779711
0.265256 0.632452
0.860611 0.494189
0.107860 0.509922
0.570205 0.367073
0.913461 0.202306
0.178699 0.162670
0.912127 0.326746
0.322781 0.112412
0.343141 0.795911
0.935493 0.311998
0.539173 0.332238
0.402538 0.479154
0.041215 0.944375
0.954082 0.271498
0.394194 0.436878
0.708067 0.927478
0.938254 0.353360
0.836779 0.338086
0.606951 0.363600
0.915267 0.783010
0.471178 0.996764
0.628420 0.472139
0.526387 0.795699
0.662892 0.721783
0.010765 0.421401
0.790754 0.064718
0.363251 0.972075
0.863644 0.844133
0.782871 0.797839
0.679353 0.873790
0.234636 0.389950
0.457232 0.560170
0.662267 0.502543
0.964410 0.477123
0.114350 0.525231
0.171784 0.759501
0.468006 0.266493
0.686868 0.839491
0.443002 0.730667
0.110027 0.987837
0.639220 0.175419
0.891262 0.841859
0.401735 0.721955
0.226649 0.603167
0.420256 0.056816
0.026689 0.870194
0.103494 0.311955
0.013231 0.134128
0.934057 0.038903
0.557314 0.811575
0.205745 0.303174
0.957174 0.313252
0.772693 0.316665
0.473819 0.055229
0.698545 0.698661
0.591020 0.507727
0.983948 0.410146
0.647187 0.346188
0.871874 0.641488
0.198560 0.520342
0.582875 0.450152
0.216251 0.589182
0.716133 0.742960
0.494164 0.983262
0.967214 0.276507
0.450395 0.950460
0.259720 0.709708
0.841712 0.817298
0.865592 0.384030
0.778819 0.855174
0.597572 0.429842
0.829547 0.479316
0.697401 0.001391
0.927783 0.727986
0.614606 0.928292
0.267849 0.970464
0.473267 0.837986
0.357216 0.574557
0.657947 0.851512
0.924845 0.827839
0.615012 0.284004
0.438122 0.751581
0.661846 0.391700
0.568252 0.572289
0.324015 0.098840
0.062164 0.523002
0.479216 0.810686
0.128363 0.334971
0.376889 0.872999
0.624856 0.250085
0.423666 0.973648
0.049184 0.635350
0.477356 0.798657
0.573745 0.313001
0.275960 0.552807
0.144025 0.533271
0.543259 0.534040
0.963010 0.111562
0.258792 0.811267
0.521956 0.627782
0.557585 0.196756
0.705878 0.742781
0.733794 0.127149
0.401523 0.625347
0.862431 0.771267
0.466249 0.202911
0.624680 0.668173
0.878153 0.450116
0.024800 0.465627
0.380965 0.211608
0.820430 0.876850
0.961620 0.118902
0.653150 0.802668
0.054097 0.005887
0.062419 0.676440
0.450018 0.853525
0.793584 0.480764
0.514684 0.701516
0.069404 0.557829
0.456611 0.153177
0.784609 0.289360
0.079312 0.069519
0.904272 0.957480
0.655990 0.799469
0.699345 0.614389
0.310944 0.825426
0.836449 0.586623
0.565937 0.016804
0.754115 0.318768
0.515416 0.778942
0.203888 0.621829
0.431396 0.260753
0.312308 0.033093
0.466989 0.441683
0.028532 0.917130
0.526963 0.357065
0.362417 0.141723
0.304381 0.940634
0.389163 0.647842
0.944304 0.963990
0.599173 0.999381
0.788668 0.334993
0.805544 0.046247
0.180901 0.580558
0.486677 0.163454
0.364475 0.684053
0.137758 0.139287
0.096531 0.573470
0.932418 0.677123
0.715853 0.463769
0.754648 0.648429
0.053898 0.945269
0.451114 0.688496
0.758256 0.179690
0.975274 0.461856
0.309804 0.816431
0.947261 0.940905
0.258017 0.273881
0.037280 0.339143
0.973280 0.844048
0.495295 0.919496
0.520733 0.673521
0.096086 0.758572
0.097081 0.049744
0.746289 0.689301
0.839969 0.578814
0.008811 0.067237
0.718944 0.779495
0.840078 0.709929
0.647675 0.337870
0.906827 0.344109
0.919025 0.767998
0.951724 0.162035
0.557741 0.506230
0.810860 0.636203
0.209916 0.530249
0.851223 0.570725
0.744078 0.438669
0.792533 0.478014
0.825641 0.552993
0.105365 0.761058
0.344639 0.010944
0.436269 0.854364
0.726060 0.008685
0.800651 0.430792
0.832791 0.319142
0.605446 0.016840
0.383057 0.964641
0.916171 0.875534
0.547439 0.454291
0.766728 0.813949
0.664945 0.310016
0.725358 0.651456
0.823299 0.699874
0.376463 0.445178
0.385475 0.873273
0.855510 0.210721
0.412751 0.749917
0.083061 0.799086
0.333868 0.452803
0.883996 0.794795
0.140652 0.795303
0.749258 0.785605
0.852269 0.733347
0.600057 0.120771
0.983531 0.575962
0.548169 0.322697
0.277031 0.310871
0.311093 0.645895
0.014567 0.746608
0.637044 0.887527
0.810240 0.298570
0.822356 0.445426
0.905755 0.153658
0.162621 0.792302
0.637877 0.236629
0.968948 0.988996
0.928671 0.871011
0.601999 0.594941
0.361035 0.278423
0.829032 0.350628
0.645241 0.092329
0.692914 0.304724
0.056585 0.875797
0.997166 0.637558
0.729911 0.227479
0.457350 0.293088
0.533711 0.436088
0.546660 0.673032
0.614639 0.800799
0.072375 0.069706
0.602710 0.673542
0.559863 0.218221
0.898110 0.998833
0.592109 0.334029
0.422464 0.627789
0.355295 0.268421
0.710568 0.965205
0.774735 0.962430
0.242996 0.572020
0.790515 0.208683
0.475692 0.190269
0.518465 0.841113
0.109511 0.283536
0.269651 0.864037
0.760909 0.593217
0.660345 0.704945
0.344330 0.399317
0.334473 0.729473
0.157550 0.144276
0.141837 0.392361
0.873126 0.829269
0.967944 0.914810
0.382264 0.124666
0.795055 0.176502
0.711860 0.449806
0.989128 0.589642
0.041082 0.371971
0.253580 0.082748
0.180835 0.550421
0.168384 0.963493
0.747559 0.108575
0.741751 0.352788
0.662267 0.755906
0.941735 0.086349
0.536373 0.200830
0.746345 0.465399
0.967772 0.396874
0.853329 0.004713
0.763812 0.946597
0.824543 0.374079
0.632198 0.551244
0.104893 0.058360
0.936541 0.738832
0.052100 0.871690
0.700179 0.229333
0.841091 0.352916
0.160054 0.202861
0.865612 0.242285
0.821845 0.425231
0.049682 0.693453
0.148234 0.655006
0.302804 0.610246
0.724072 0.007096
0.205401 0.514225
0.985403 0.980222
0.894717 0.646915
0.373692 0.669037
0.036453 0.589724
0.082289 0.276388
0.713739 0.544859
0.399063 0.417237
0.042532 0.562202
0.017303 0.862923
0.331348 0.419936
0.586408 0.312975
0.643278 0.570810
0.204540 0.501378
0.689499 0.551303
0.517331 0.445195
0.086068 0.517523
0.579909 0.925652
0.139548 0.119545
0.663906 0.355292
0.492054 0.755002
0.746789 0.029507
0.152629 0.353057
0.507760 0.386761
0.669347 0.231544
0.272637 0.309016
0.455380 0.242850
0.499548 0.682366
0.572265 0.378281
0.077928 0.407615
0.594930 0.235937
0.925222 0.801488
0.535541 0.273789
0.108863 0.861416
0.187058 0.567448
0.995514 0.180308
0.662399 0.871251
0.735220 0.392425
0.351415 0.141632
0.725024 0.907485
0.995409 0.323339
0.564784 0.347332
0.087732 0.121915
0.417327 0.537971
0.349020 0.689977
0.615737 0.129529
0.596916 0.640146
0.822509 0.917639
0.932690 0.564121
0.038433 0.722007
0.800926 0.285208
0.283527 0.241366
0.143499 0.400736
0.827952 0.648785
0.565360 0.281145
0.437812 0.817229
0.157172 0.584111
0.218849 0.972545
0.378637 0.514957
0.290510 0.259482
0.196401 0.518670
0.703490 0.176108
0.491691 0.824218
0.725775 0.082950
0.605394 0.278443
0.865403 0.025415
0.772086 0.204683
0.772518 0.921516
0.109525 0.600344
0.469028 0.761679
0.776448 0.848032
0.191016 0.843345
0.889026 0.256419
0.497285 0.220350
0.795130 0.169906
0.196788 0.485505
0.345602 0.090213
0.078365 0.724555
0.873009 0.238402
0.388151 0.980643
0.690890 0.252427
0.493143 0.850670
0.060327 0.263168
0.193852 0.898369
0.735656 0.420995
0.704633 0.413684
0.397480 0.055267
0.407184 0.674003
0.508647 0.040770
0.100876 0.269998
0.387657 0.617960
0.623003 0.247352
0.584005 0.867948
0.392677 0.785331
0.961247 0.278566
0.644038 0.884159
0.246131 0.354398
0.857591 0.065383
0.185901 0.021555
0.172907 0.402883
0.870936 0.657057
0.371579 0.296904
0.226181 0.933029
0.356252 0.279481
0.152350 0.307540
0.919709 0.796838
0.306675 0.916749
0.997379 0.352827
0.053027 0.827123
0.527350 0.617191
0.682503 0.091865
0.503835 0.103436
0.608132 0.822256
0.803229 0.803277
0.871119 0.532503
0.886308 0.728155
0.961123 0.345762
0.535773 0.653005
0.649300 0.259365
0.375267 0.483456
0.260437 0.558881
0.034151 0.574858
0.569249 0.643499
0.471745 0.020015
0.295977 0.979307
0.155398 0.392225
0.997702 0.632403
0.498668 0.681210
0.004321 0.850386
0.209054 0.191735
0.931954 0.458597
0.969144 0.988208
0.221540 0.416619
0.180701 0.063258
0.096710 0.740852
0.338114 0.784290
0.312553 0.140638
0.965827 0.329218
0.075660 0.138198
0.953762 0.761074
0.555907 0.146801
0.555397 0.110894
0.481691 0.966898
0.275114 0.339293
0.412896 0.426571
0.364562 0.329334
0.419643 0.440516
0.672206 0.126781
0.059926 0.590826
0.145901 0.488575
0.745512 0.443264
0.375243 0.426320
0.813035 0.204263
0.178597 0.838796
0.876003 0.996756
0.389151 0.516021
0.323458 0.987056
0.674963 0.767071
0.152348 0.830344
0.439929 0.674870
0.673171 0.418912
0.595721 0.513384
0.012289 0.715194
0.269203 0.176117
0.749291 0.530687
0.315439 0.559553
0.474133 0.472235
0.843397 0.721150
0.526263 0.918730
0.829531 0.288722
0.686787 0.814171
0.293919 0.036525
0.134719 0.267084
0.444233 0.763083
0.549677 0.431681
0.654772 0.606785
0.845932 0.912733
0.140948 0.717471
0.656460 0.983985
0.713994 0.765754
0.350764 0.239027
0.056387 0.116505
0.066432 0.903921
0.545336 0.618936
0.962015 0.932446
0.769886 0.872920
0.657543 0.177695
0.536586 0.519689
0.619072 0.387871
0.339333 0.574744
0.064917 0.509449
0.980937 0.071828
0.823784 0.797504
0.277084 0.318991
0.458796 0.530828
0.547815 0.881313
0.886446 0.708600
0.907298 0.999508
0.665800 0.965669
0.199565 0.529676
0.110814 0.085169
0.796083 0.646644
0.387417 0.909996
0.370408 0.491846
0.797050 0.158796
0.195863 0.666399
0.519635 0.637464
0.474073 0.971027
0.191507 0.603748
0.695373 0.076693
0.827604 0.590412
0.056504 0.873285
0.762260 0.821510
0.516685 0.088433
0.479257 0.466674
0.160061 0.394501
0.429282 0.369918
0.150683 0.629022
0.191778 0.562321
0.715611 0.942347
0.628181 0.822041
0.272369 0.655960
0.994833 0.780471
0.028914 0.365939
0.336405 0.589960
0.127437 0.358215
0.864463 0.966335
0.677726 0.715824
0.440807 0.498621
0.831497 0.592994
0.731563 0.478650
0.385998 0.006962
0.075493 0.144892
0.273363 0.155589
0.618818 0.157665
0.691608 0.707345
0.808849 0.327005
0.563819 0.729948
0.910048 0.099817
0.474007 0.924932
0.808658 0.079519
0.221255 0.617627
0.005828 0.899274
0.658203 0.515534
0.364212 0.098972
0.535592 0.592778
0.869309 0.266490
0.661475 0.584320
0.394322 0.595379
0.801896 0.480831
0.216151 0.183927
0.399234 0.103590
0.820135 0.854722
0.365083 0.308528
0.352457 0.009107
0.916435 0.619481
0.931674 0.047602
0.667135 0.122965
0.914624 0.185148
0.960939 0.270257
0.126979 0.069192
0.738219 0.827289
0.015027 0.468932
0.065242 0.588836
0.652796 0.445672
0.823122 0.630721
0.547418 0.837083
0.952970 0.812215
0.225678 0.592270
0.084406 0.960553
0.655970 0.479877
0.336546 0.670455
0.662438 0.958097
0.573695 0.933775
0.621857 0.543276
0.422445 0.877865
0.898842 0.842914
0.912491 0.735987
0.671288 0.529221
0.690427 0.799057
0.025450 0.920985
0.373930 0.505261
0.458887 0.514342
0.763164 0.012527
0.219520 0.757187
0.306888 0.568599
0.230341 0.597248
0.432679 0.744404
0.701870 0.850521
0.093838 0.128648
0.918208 0.234551
0.159969 0.395045
0.097615 0.990186
0.083861 0.748325
0.674801 0.375775
0.614260 0.631110
0.829673 0.959364
0.192230 0.231018
0.596054 0.557317
0.068268 0.765793
0.423960 0.871887
0.107958 0.744006
0.640265 0.365600
0.715889 0.399850
0.855169 0.676930
0.300727 0.282761
0.995638 0.929595
0.228718 0.546092
0.312046 0.616890
0.268603 0.823789
0.400521 0.352848
0.117805 0.709984
0.011063 0.673603
0.717933 0.763665
0.170246 0.245183
0.717055 0.649031
0.937407 0.288072
0.616849 0.491917
0.934479 0.764229
0.854678 0.783576
0.642169 0.888835
0.313764 0.195418
0.338990 0.826929
0.529089 0.481696
0.474666 0.014151
0.162282 0.241938
0.215745 0.401195
0.155681 0.690828
0.878779 0.063159
0.343927 0.740517
0.975221 0.037846
0.200851 0.638801
0.632229 0.961147
0.830081 0.126315
0.224865 0.053013
0.269715 0.576914
0.157690 0.274113
0.674565 0.867584
0.867589 0.021134
0.963894 0.787731
0.284644 0.557757
0.078238 0.642441
0.184215 0.488734
0.075792 0.330230
0.090889 0.976062
0.917050 0.583078
0.653770 0.069105
0.935759 0.244989
0.702607 0.474632
0.674931 0.435066
0.515551 0.328077
0.978569 0.192036
0.181889 0.043928
0.972937 0.729429
0.326843 0.121017
0.845586 0.744046
0.880634 0.857565
0.136055 0.315120
0.020220 0.291213
0.589051 0.807516
0.889725 0.320833
0.489072 0.849568
0.214322 0.889814
0.794888 0.894602
0.462383 0.314579
0.322911 0.094954
0.782015 0.327458
0.690432 0.218241
0.540610 0.169637
0.722856 0.117865
0.929848 0.117772
0.553484 0.833251
0.763631 0.156925
0.700045 0.739982
0.292700 0.122873
0.989109 0.296032
0.587235 0.528396
0.317667 0.837474
0.797538 0.461050
0.890577 0.565552
0.392915 0.393985
0.753248 0.336725
0.300181 0.486766
0.150844 0.118244
0.715739 0.969710
0.488440 0.004084
0.248985 0.503148
0.441003 0.499508
0.969820 0.982084
0.067717 0.377267
0.879342 0.117109
0.622082 0.784436
0.300329 0.263994
0.117394 0.436080
0.692920 0.397274
0.606623 0.670448
0.440929 0.827205
0.566358 0.860118
0.225527 0.244850
0.736426 0.174468
0.705554 0.946641
0.259929 0.971100
0.357525 0.637611
0.992879 0.157320
0.493428 0.041608
0.408260 0.707479
0.670687 0.657140
0.606272 0.147986
0.936239 0.389101
0.560668 0.229011
0.605409 0.459497
0.880506 0.190385
0.566366 0.954366
0.047319 0.998914
0.422181 0.599462
0.299598 0.685329
0.135074 0.873862
0.079661 0.441284
0.221230 0.368508
0.232396 0.450320
0.959574 0.375792
0.951016 0.521430
0.524228 0.056668
0.801903 0.469830
0.427862 0.173338
0.028742 0.846773
0.171986 0.298444
0.735620 0.058730
0.540238 0.615784
0.479356 0.135966
0.542026 0.912920
0.263313 0.411529
0.616416 0.132660
0.918046 0.153907
0.339952 0.898231
0.378610 0.760060
0.547126 0.756073
0.423959 0.460279
0.468514 0.490543
0.030837 0.612294
0.219120 0.756383
0.612680 0.569286
0.728277 0.447716
0.063493 0.794917
0.992478 0.676375
0.707310 0.368245
0.353801 0.967775
0.965779 0.272342
0.359141 0.299087
0.799547 0.892678
0.639238 0.902381
0.753580 0.964799
0.161546 0.334450
0.742167 0.805566
0.157248 0.175430
0.546309 0.038173
0.000303 0.859892
0.364334 0.178430
0.325150 0.566955
0.656018 0.388229
0.709792 0.800070
0.951119 0.421875
0.322203 0.272470
0.255188 0.291904
0.030609 0.980877
0.178651 0.463280
0.611931 0.897934
0.939591 0.448294
0.857745 0.542890
0.946305 0.519258
0.573395 0.800470
0.752650 0.882017
0.693427 0.749406
0.797324 0.060578
0.995321 0.935010
0.487680 0.431593
0.183509 0.474229
0.869291 0.817174
0.436985 0.617008
0.334440 0.795504
0.866329 0.904359
0.565851 0.920913
0.709767 0.861402
0.186382 0.358588
0.512934 0.242749
0.391096 0.533784
0.983275 0.207945
0.175012 0.271424
0.687584 0.446270
0.638009 0.559143
0.269951 0.193098
0.247779 0.505365
0.407435 0.284055
0.872383 0.283691
0.292064 0.878618
0.855874 0.855868
0.030312 0.251372
0.403619 0.047833
0.984984 0.096999
0.068372 0.116797
0.749476 0.124182
0.183801 0.292075
0.140672 0.323941
0.679100 0.898325
0.324291 0.189544
0.826468 0.577106
0.945252 0.337972
0.122660 0.811120
0.925702 0.437009
0.686480 0.425247
0.414614 0.077411
0.265989 0.989455
0.225421 0.246175
0.192384 0.080888
0.981919 0.354806
0.391887 0.175905
0.107736 0.355559
0.872692 0.537601
0.740932 0.339015
0.940891 0.840275
0.632845 0.147920
0.767473 0.429566
0.099086 0.965080
0.827936 0.055444
0.130622 0.537222
0.166663 0.634974
0.844178 0.682053
0.400175 0.102741
0.553724 0.992370
0.866508 0.689057
0.878608 0.198931
0.352386 0.029545
0.468935 0.482876
0.385535 0.354414
0.125065 0.138856
0.166367 0.631744
0.315672 0.381631
0.831471 0.946272
0.357566 0.761733
0.890720 0.583720
0.810538 0.609913
0.360497 0.260354
0.961761 0.165423
0.327437 0.688509
0.626844 0.559804
0.420263 0.200995
0.878393 0.625678
0.941691 0.470795
0.728000 0.579175
0.218060 0.457186
0.233847 0.984952
0.061240 0.585401
0.983680 0.054372
0.105555 0.824165
0.411661 0.250268
0.181846 0.763917
0.947672 0.375796
0.821498 0.018255
0.568933 0.810282
0.445122 0.272138
0.926311 0.321495
0.783807 0.082565
0.851519 0.931708
0.605206 0.100965
0.716414 0.643951
0.872438 0.731244
0.811921 0.445249
0.050675 0.363409
0.641611 0.895210
0.394441 0.229916
0.783792 0.781210
0.698099 0.620379
0.765983 0.775504
0.172614 0.659975
0.216936 0.764932
0.823648 0.107895
0.413916 0.540537
0.949163 0.664380
0.226735 0.832203
0.149151 0.088383
0.375072 0.252572
0.545764 0.022614
0.861900 0.574821
0.749020 0.798709
0.423390 0.910495
0.471449 0.652466
0.844440 0.776442
0.594438 0.717618
0.029013 0.743992
0.919702 0.886279
0.785778 0.348883
0.801226 0.125221
0.392058 0.207018
0.346190 0.119343
0.132902 0.829033
0.897786 0.177187
0.177128 0.455690
0.068527 0.178059
0.348465 0.346532
0.679535 0.966312
0.577480 0.345782
0.579477 0.005563
0.078742 0.222360
0.466229 0.294098
0.587742 0.234961
0.515003 0.512436
0.313341 0.608516
0.828591 0.125018
0.614099 0.124935
0.468565 0.690184
0.790586 0.828917
0.100634 0.946116
0.800849 0.928655
0.093087 0.335116
0.152472 0.331697
0.244110 0.504588
0.702230 0.897738
0.181975 0.980304
0.603097 0.413046
0.881465 0.646025
0.178437 0.495266
0.670617 0.883261
0.074479 0.122748
0.563726 0.225945
0.644716 0.249106
0.749759 0.167001
0.153667 0.011586
0.589716 0.317293
0.052466 0.370930
0.532156 0.462136
0.275049 0.630751
0.943002 0.186554
0.231231 0.176061
0.963925 0.647674
0.931763 0.943425
0.162995 0.761140
0.470505 0.589330
0.921986 0.538153
0.910119 0.058698
0.216590 0.560700
0.470249 0.272085
0.689009 0.614797
0.800934 0.947954
0.686767 0.315020
0.039025 0.155505
0.247270 0.148325
0.291699 0.053908
0.844554 0.741163
0.168662 0.415388
0.082816 0.311079
0.993464 0.952435
0.420751 0.202503
0.364346 0.173563
0.441361 0.126132
0.806365 0.477344
0.143842 0.222313
0.359056 0.461074
0.227301 0.351023
0.077693 0.968272
0.360473 0.074565
0.591241 0.228309
0.987269 0.643781
0.056402 0.551832
0.304923 0.924594
0.074647 0.437217
0.669623 0.608896
0.397985 0.616186
0.833975 0.242285
0.539201 0.520770
0.101287 0.570883
0.723600 0.889195
0.693571 0.460433
0.971864 0.744842
0.373342 0.173110
0.487362 0.780300
0.633687 0.100948
0.936346 0.257630
0.576771 0.149532
0.655716 0.896291
0.937812 0.841540
0.300602 0.861814
0.579780 0.867000
0.952781 0.891128
0.183444 0.245556
0.251006 0.794571
0.788076 0.485790
0.675584 0.059952
0.300021 0.127621
0.722118 0.050633
0.079536 0.836015
0.333080 0.337468
0.240667 0.777737
0.620943 0.033521
0.354649 0.357578
0.612881 0.610833
0.834186 0.516498
0.474591 0.570131
0.394157 0.701313
0.429572 0.507211
0.633698 0.304075
0.380243 0.573809
0.965282 0.838978
0.058557 0.066169
0.828316 0.375633
0.386335 0.891084
0.367965 0.779759
0.609301 0.957041
0.534292 0.125830
0.683856 0.117220
0.862510 0.240930
0.341914 0.151438
0.032011 0.715057
0.236673 0.415720
0.670040 0.870336
0.580949 0.211054
0.765265 0.120077
0.729792 0.626968
0.487180 0.868350
0.230343 0.600923
0.169190 0.601713
0.964457 0.201140
0.706362 0.106960
0.143401 0.688280
0.643296 0.812247
0.078983 0.740561
0.783167 0.093644
0.851719 0.337192
0.235971 0.015190
0.224257 0.186645
0.442105 0.377694
0.406972 0.259106
0.856889 0.140067
0.572783 0.936587
0.662244 0.246630
0.339450 0.529474
0.083710 0.644882
0.790197 0.424964
0.634090 0.810380
0.987277 0.930612
0.879489 0.408920
0.348147 0.955390
0.129120 0.820868
0.700184 0.030947
0.787197 0.128537
0.307452 0.817396
0.973393 0.824669
0.671774 0.160809
0.417756 0.938600
0.450445 0.973672
0.566620 0.496396
0.404170 0.694929
0.298004 0.232225
0.891397 0.852852
0.638114 0.250460
0.058949 0.301787
0.394990 0.901481
0.543947 0.032978
0.681031 0.478874
0.198280 0.069982
0.882997 0.471702
0.074419 0.850806
0.756291 0.012745
0.670164 0.671765
0.969721 0.852082
0.219959 0.222112
0.607602 0.655125
0.641682 0.973909
0.847991 0.675185
0.600377 0.208152
0.278983 0.882859
0.034162 0.756049
0.089447 0.448051
0.402612 0.113436
0.676199 0.065100
0.864170 0.446672
0.046578 0.987535
0.566723 0.149964
0.763503 0.796141
0.244225 0.036898
0.079533 0.862547
0.352312 0.953092
0.337114 0.190228
0.047154 0.582209
0.674099 0.815843
0.414283 0.484171
0.566805 0.235994
0.487988 0.952294
0.767267 0.388029
0.766848 0.105125
0.747038 0.558191
0.127303 0.739152
0.846777 0.216425
0.264684 0.860126
0.949033 0.184357
0.049916 0.483619
0.641065 0.731455
0.480146 0.249508
0.515182 0.164091
0.222844 0.630465
0.466002 0.223217
0.105445 0.031094
0.587221 0.138579
0.286426 0.872238
0.544843 0.500882
0.258693 0.834078
0.109556 0.208034
0.282519 0.791976
0.867782 0.617588
0.322726 0.620633
0.999154 0.694706
0.073676 0.964989
0.407536 0.383477
0.195608 0.280379
0.423410 0.649114
0.457200 0.929820
0.757339 0.639545
0.081724 0.892895
0.377383 0.197164
0.228003 0.688579
0.507779 0.514933
0.202370 0.443407
0.001825 0.075801
0.694153 0.646787
0.928865 0.140356
0.054735 0.026823
0.333393 0.954858
0.399024 0.152885
0.773741 0.540286
0.098206 0.825264
0.428461 0.392747
0.053966 0.047581
0.270442 0.676574
0.996866 0.394255
0.051933 0.523672
0.935381 0.883164
0.618116 0.866149
0.797132 0.042719
0.372465 0.823984
0.250130 0.722976
0.554103 0.045467
0.669405 0.341945
0.355500 0.555377
0.223161 0.681164
0.808275 0.604343
0.092655 0.048674
0.795530 0.732537
0.911278 0.612889
0.511065 0.761854
0.610850 0.977472
0.178977 0.712943
0.996952 0.615148
0.871563 0.706935
0.540123 0.607533
0.819115 0.756439
0.066075 0.248351
0.692107 0.976351
0.255591 0.459074
0.954430 0.152260
0.123571 0.638822
0.535764 0.792689
0.936736 0.524485
0.751820 0.761156
0.350770 0.872384
0.613110 0.335021
0.900245 0.289376
0.406060 0.070267
0.358441 0.339164
0.704716 0.164915
0.899219 0.128688
0.776914 0.108418
0.439405 0.939796
0.685749 0.280425
0.017660 0.113026
0.255315 0.819479
0.574624 0.313166
0.469085 0.520732
0.039140 0.510357
0.800022 0.741450
0.196673 0.495863
0.433350 0.294090
0.418558 0.518244
0.336148 0.088930
0.964511 0.673481
0.652292 0.851729
0.235890 0.011764
0.956971 0.586618
0.053440 0.933939
0.491889 0.580375
0.760846 0.342268
0.620444 0.651515
0.714174 0.182972
0.391599 0.036040
0.507323 0.472141
0.281788 0.771472
0.104918 0.631950
0.896161 0.691744
0.906584 0.980715
0.653597 0.177745
0.650362 0.518174
0.254351 0.621818
0.978044 0.726491
0.034852 0.159209
0.431498 0.967815
0.151098 0.595450
0.626597 0.200838
0.900241 0.615900
0.360166 0.161653
0.389373 0.302124
0.445359 0.858301
0.191210 0.699524
0.142236 0.213756
0.588245 0.681620
0.152761 0.958701
0.500139 0.638597
0.283331 0.423282
0.213524 0.581213
0.042881 0.706166
0.589045 0.095882
0.640998 0.809529
0.507390 0.212749
0.077929 0.720252
0.934234 0.655757
0.277232 0.090418
0.133408 0.132232
0.501789 0.124319
0.238296 0.289192
0.615260 0.514547
0.603356 0.714600
0.103523 0.786305
0.100848 0.893981
0.154497 0.206979
0.802240 0.346324
0.509746 0.497064
0.289444 0.257884
0.247564 0.938921
0.177942 0.808510
0.134778 0.121426
0.302041 0.042337
0.693297 0.481442
0.411868 0.573136
0.667473 0.007118
0.162444 0.634393
0.149630 0.953402
0.637029 0.985102
0.223645 0.186731
0.640126 0.964540
0.620281 0.823732
0.519952 0.552733
0.542978 0.157857
0.335824 0.638056
0.519125 0.478229
0.772829 0.819402
0.859348 0.276583
0.324340 0.977558
0.066177 0.511027
0.912302 0.538921
0.323443 0.049471
0.295925 0.824405
0.019088 0.150885
0.331306 0.127366
0.106600 0.859201
0.387672 0.196603
0.994046 0.482467
0.000364 0.613976
0.564764 0.909022
0.146316 0.150875
0.880014 0.372756
0.364741 0.563809
0.091469 0.421171
0.313848 0.446547
0.100186 0.262766
0.253873 0.694775
0.538752 0.374413
0.377351 0.858913
0.724586 0.234703
0.869461 0.161743
0.334909 0.315867
0.074466 0.239728
0.687702 0.014735
0.168655 0.730339
0.677988 0.032259
0.295886 0.672492
0.615074 0.821530
0.208718 0.313122
0.433941 0.115776
0.076297 0.320176
0.012729 0.220707
0.269586 0.590777
0.618330 0.709663
0.615158 0.813042
0.823382 0.395371
0.820729 0.690988
0.590493 0.968728
0.518737 0.274235
0.603305 0.492874
0.648711 0.147642
0.339085 0.019905
0.704810 0.330771
0.823757 0.957970
0.711870 0.613030
0.487892 0.458037
0.661413 0.707601
0.050911 0.012519
0.538513 0.045687
0.900829 0.662030
0.001081 0.252403
0.008148 0.691879
0.235029 0.346545
0.015023 0.466541
0.501949 0.488753
0.774658 0.098172
0.420346 0.666032
0.280891 0.974347
0.077149 0.045325
0.624227 0.780552
0.653110 0.854805
0.338127 0.544558
0.363888 0.558804
0.258136 0.402653
0.168018 0.780735
0.806483 0.241831
0.873629 0.898127
0.436064 0.107354
0.987696 0.484836
0.820273 0.281736
0.894768 0.807750
0.258915 0.239035
0.726532 0.398769
0.685496 0.257435
0.589229 0.317562
0.607459 0.333469
0.652872 0.096593
0.288477 0.182823
0.974359 0.517128
0.490708 0.535508
0.825986 0.303408
0.134950 0.637304
0.731562 0.541904
0.307926 0.854722
0.374200 0.133553
0.148474 0.547331
0.033047 0.869080
0.278182 0.919148
0.230624 0.781016
0.607094 0.389898
0.828115 0.270717
0.541343 0.137298
0.892848 0.134704
0.847155 0.853113
0.280386 0.021822
0.684433 0.428595
0.023049 0.041242
0.613171 0.239022
0.297371 0.211026
0.697245 0.932377
0.954882 0.187946
0.182658 0.143845
0.343796 0.251519
0.611116 0.355638
0.423587 0.828628
0.644835 0.200759
0.980090 0.939896
0.324785 0.869664
0.085706 0.824899
0.962106 0.920414
0.817426 0.660571
0.371222 0.715702
0.644812 0.725611
0.693220 0.914310
0.830748 0.583421
0.629346 0.929840
0.649670 0.857111
0.507017 0.036212
0.221164 0.952301
0.234529 0.847243
0.281223 0.646943
0.865676 0.226745
0.269128 0.812111
0.191808 0.295902
0.694820 0.653680
0.506357 0.096336
0.869812 0.772046
0.445690 0.640054
0.734081 0.025512
0.600152 0.531653
0.692070 0.652696
0.410474 0.083427
0.082816 0.360278
0.717253 0.860696
0.152411 0.114662
0.214990 0.892470
0.171398 0.189569
0.977236 0.361704
0.645375 0.616324
0.165653 0.449724
0.403997 0.559581
0.013369 0.151026
0.721726 0.298432
0.181757 0.297483
0.523086 0.431360
0.629858 0.735115
0.155868 0.643176
0.206895 0.581910
0.177613 0.873105
0.280927 0.761805
0.093886 0.005377
0.850425 0.557763
0.011264 0.267172
0.750642 0.756020
0.723619 0.363481
0.762885 0.063880
0.837202 0.004453
0.662391 0.875081
0.158180 0.887978
0.499256 0.129587
0.715712 0.388772
0.696917 0.968752
0.474312 0.174939
0.873994 0.122185
0.001131 0.723961
0.647811 0.479204
0.097007 0.242299
0.061719 0.095667
0.674493 0.806267
0.693385 0.966025
0.971776 0.636553
0.947486 0.250823
0.528287 0.294756
0.513810 0.291463
0.215989 0.247525
0.480526 0.666896
0.019723 0.682358
0.132444 0.751026
0.190678 0.678860
0.035379 0.714930
0.858934 0.840219
0.610243 0.684630
0.184231 0.271896
0.034318 0.812989
0.648500 0.358008
0.972170 0.353413
0.149358 0.130577
0.334965 0.433377
0.140714 0.152849
0.994501 0.117412
0.184749 0.745055
0.137018 0.522037
0.928989 0.069512
0.731947 0.199218
0.702833 0.061647
0.411984 0.740276
0.639814 0.444543
0.913476 0.568805
0.475038 0.096796
0.109830 0.188966
0.941666 0.856975
0.585766 0.734656
0.995953 0.442693
0.646456 0.525393
0.937284 0.538275
0.633180 0.476361
0.857814 0.262224
0.425899 0.632898
0.755713 0.164197
0.053171 0.803842
0.076708 0.620881
0.401168 0.253465
0.410514 0.001180
0.116027 0.678352
0.561900 0.253318
0.927627 0.243426
0.240571 0.629962
0.787862 0.280414
0.169702 0.112184
0.412818 0.362422
0.499865 0.719054
0.045757 0.859851
0.033273 0.296902
0.516646 0.755789
0.912656 0.570737
0.963958 0.453061
0.109773 0.210055
0.905816 0.540518
0.260457 0.412245
0.700034 0.002708
0.136264 0.039019
0.816445 0.154954
0.317217 0.654771
0.759913 0.664957
0.435775 0.910512
0.928739 0.382371
0.699114 0.592969
0.170685 0.339442
0.264923 0.315714
0.307655 0.208609
0.445366 0.267607
0.440092 0.707101
0.644516 0.653614
0.413445 0.923899
0.396467 0.464014
0.431605 0.311035
0.864525 0.990226
0.435990 0.129055
0.686253 0.068995
0.533997 0.465568
0.104847 0.381362
0.456838 0.556174
0.914208 0.258860
0.754313 0.028631
0.863250 0.356578
0.192841 0.864010
0.814404 0.241217
0.613154 0.322660
0.131918 0.411991
0.325300 0.818175
0.487504 0.523208
0.971168 0.739142
0.514003 0.609582
0.668534 0.516318
0.512207 0.928812
0.165660 0.811967
0.721577 0.630678
0.681764 0.568450
0.502567 0.837905
0.086236 0.794762
0.146403 0.881243
0.078235 0.392561
0.927568 0.369708
0.068373 0.027331
0.444933 0.496650
0.535460 0.035685
0.259382 0.483288
0.733823 0.626389
0.328921 0.343578
0.760519 0.180581
0.766707 0.217770
0.156774 0.285721
0.003079 0.366703
0.414300 0.248173
0.519585 0.544918
0.984651 0.220944
0.941173 0.877830
0.648591 0.755909
0.422123 0.556736
0.392476 0.544008
0.941960 0.635124
0.259936 0.342201
0.339504 0.960740
0.999699 0.602609
0.656379 0.810098
0.714161 0.117095
0.635709 0.105579
0.128387 0.069656
0.027406 0.190018
0.545462 0.249331
0.688352 0.009632
0.031701 0.817962
0.333965 0.213369
0.883984 0.949949
0.197026 0.115261
0.971541 0.865305
0.780320 0.686050
0.115777 0.262595
0.351580 0.741367
0.274296 0.925019
0.822334 0.275955
0.929047 0.320687
0.176727 0.456900
0.743571 0.347274
0.672020 0.133580
0.250604 0.981593
0.619383 0.847988
0.058834 0.486191
0.671780 0.236339
0.826415 0.997982
0.195151 0.401340
0.038850 0.777965
0.479737 0.304215
0.450166 0.136498
0.260361 0.476575
0.898844 0.065134
0.257573 0.384429
0.093739 0.903923
0.226055 0.590132
0.880278 0.952168
0.302273 0.452763
0.443516 0.790970
0.280343 0.483429
0.882151 0.227515
0.813187 0.629209
0.596409 0.193881
0.435519 0.697913
0.972736 0.637281
0.735811 0.855590
0.919526 0.423970
0.966359 0.629662
0.910653 0.545681
0.873693 0.132810
0.327376 0.465277
0.555996 0.286202
0.054188 0.267432
0.709882 0.665394
0.480528 0.390485
0.715776 0.218185
0.287757 0.107234
0.629303 0.510974
0.659618 0.595259
0.295522 0.348593
0.844440 0.391505
0.483493 0.582370
0.318619 0.261160
0.150581 0.672112
0.153464 0.027513
0.689075 0.099934
0.571274 0.707289
0.282087 0.047356
0.091563 0.375078
0.301403 0.841796
0.114611 0.540830
0.016830 0.554563
0.267115 0.465982
0.754767 0.789694
0.343424 0.766628
0.043151 0.141452
0.215959 0.856262
0.210565 0.018015
0.659650 0.265970
0.369248 0.529878
0.637797 0.646525
0.704860 0.923722
0.230531 0.304733
0.520328 0.605944
0.052098 0.455450
0.536714 0.144825
0.699478 0.981036
0.540984 0.766235
0.502395 0.381642
0.588719 0.765038
0.603538 0.772563
0.619220 0.942818
0.187898 0.238969
0.521118 0.652285
0.501366 0.593723
0.398526 0.279675
0.151310 0.600564
0.030929 0.028721
0.065622 0.022780
0.294407 0.683214
0.401772 0.436638
0.617484 0.619909
0.643686 0.609130
0.381772 0.719530
0.101827 0.381257
0.545774 0.980815
0.040603 0.420871
0.669596 0.581055
0.697322 0.913241
0.949021 0.846285
0.528159 0.242823
0.829253 0.095266
0.119144 0.986348
0.261877 0.603642
0.334008 0.085162
0.692926 0.998095
0.435700 0.893890
0.425655 0.235086
0.114738 0.912810
0.088515 0.944720
0.585053 0.402946
0.556999 0.327521
0.166795 0.755750
0.827425 0.980358
0.065610 0.443313
0.021406 0.997498
0.379167 0.610421
0.911661 0.443754
0.714278 0.886376
0.102989 0.828898
0.181732 0.792335
0.276629 0.525994
0.950984 0.199029
0.711916 0.171045
0.993182 0.650096
0.636042 0.957310
0.118476 0.007817
0.820894 0.394874
0.922427 0.800956
0.245354 0.544538
0.796301 0.858449
0.572139 0.954829
0.727376 0.298077
0.650109 0.531871
0.217880 0.705845
0.246220 0.354145
0.285023 0.389644
0.735627 0.007577
0.169567 0.919865
0.534181 0.361166
0.076717 0.780005
0.644421 0.829330
0.000616 0.841884
0.804360 0.074351
0.442545 0.552966
0.377765 0.790816
0.622952 0.177359
0.305300 0.683640
0.608722 0.167427
0.147805 0.002264
0.629658 0.759562
0.496166 0.025820
0.741899 0.185490
0.796625 0.707562
0.911080 0.469610
0.946064 0.281555
0.534291 0.643209
0.848681 0.010617
0.397457 0.347976
0.493684 0.411732
0.073536 0.224142
0.012995 0.233606
0.806983 0.182611
0.608658 0.180793
0.001191 0.645847
0.201533 0.879786
0.528211 0.108859
0.146046 0.864680
0.213765 0.919487
0.380152 0.423511
0.015697 0.006292
0.935357 0.991086
0.610204 0.392700
0.818543 0.400113
0.327801 0.727655
0.895512 0.709638
0.639726 0.735895
0.555567 0.518310
0.685534 0.445046
0.617147 0.639685
0.653922 0.282113
0.146381 0.767786
0.181381 0.648506
0.603675 0.293341
0.317018 0.380633
0.007780 0.744611
0.016987 0.582168
0.612506 0.421441
0.578209 0.674457
0.928145 0.667146
0.898620 0.153130
0.787822 0.880066
0.959981 0.461849
0.558414 0.805103
0.469314 0.598192
0.526342 0.865291
0.166308 0.552069
0.950467 0.294397
0.906606 0.443627
0.267444 0.613818
0.264644 0.275471
0.459358 0.560472
0.064762 0.543140
0.649086 0.917147
0.945614 0.558105
0.575767 0.822726
0.790405 0.229169
0.720910 0.046931
0.614311 0.221006
0.505105 0.402723
0.290454 0.862677
0.155940 0.939198
0.317097 0.914291
0.559666 0.808825
0.681271 0.316613
0.652293 0.735064
0.757825 0.346252
0.680236 0.819909
0.097933 0.178168
0.966283 0.025614
0.907384 0.717585
0.653558 0.040827
0.992521 0.705012
0.268355 0.398608
0.960470 0.520910
0.842075 0.652262
0.500356 0.820646
0.763231 0.134652
0.643495 0.115747
0.492335 0.327638
0.003058 0.684035
0.765687 0.150506
0.127539 0.739103
0.938489 0.539736
0.267357 0.618683
0.673361 0.537178
0.050241 0.861812
0.267267 0.729683
0.788556 0.436291
0.528004 0.290465
0.400556 0.050808
0.260849 0.060952
0.217548 0.440171
0.106578 0.081588
0.270267 0.747468
0.684041 0.731054
0.000298 0.643562
0.733599 0.165589
0.726157 0.622186
0.232147 0.063552
0.608694 0.988004
0.256149 0.775137
0.306766 0.415344
0.705961 0.853071
0.991673 0.596938
0.872947 0.597406
0.897618 0.424820
0.230269 0.685957
0.125531 0.349669
0.758891 0.181675
0.988837 0.050204
0.582288 0.209235
0.792324 0.310867
0.676478 0.375311
0.569052 0.053866
0.946422 0.570531
0.965252 0.800748
0.015511 0.135790
0.159503 0.449043
0.661759 0.501605
0.429961 0.141101
0.952490 0.316409
0.742251 0.175098
0.778720 0.768158
0.520637 0.362314
0.671107 0.273354
0.586391 0.970095
0.491242 0.958568
0.099822 0.406552
0.835232 0.391766
0.226194 0.100872
0.760929 0.834212
0.160846 0.612247
0.755823 0.878478
0.095058 0.860741
0.699558 0.714023
0.681791 0.515058
0.943136 0.419066
0.569202 0.994989
0.526358 0.615948
0.609873 0.250449
0.985663 0.546875
0.424981 0.464331
0.166458 0.127962
0.105180 0.093051
0.947203 0.821678
0.963756 0.206465
0.806919 0.231287
0.422643 0.917963
0.723454 0.165622
0.308201 0.805903
0.976754 0.548473
0.061160 0.619133
0.049557 0.954121
0.623969 0.232207
0.967335 0.739016
0.058779 0.770005
0.099975 0.709339
0.270621 0.056817
0.659607 0.015132
0.562846 0.061555
0.872140 0.493944
0.135713 0.808598
0.074504 0.000389
0.054017 0.302898
0.795237 0.352762
0.655966 0.378290
0.212974 0.403810
0.853049 0.019607
0.255575 0.400007
0.279405 0.631988
0.002026 0.232137
0.789277 0.934911
0.979915 0.399734
0.372392 0.643838
0.413204 0.512889
0.159672 0.868915
0.468180 0.937171
0.825445 0.208083
0.069880 0.750883
0.357398 0.841011
0.916948 0.528594
0.861757 0.540626
0.909800 0.590876
0.798771 0.410635
0.325137 0.267391
0.802317 0.330258
0.719258 0.408964
0.027521 0.541511
0.723283 0.853977
0.791545 0.549722
0.605330 0.805430
0.125269 0.524565
0.717823 0.107218
0.737338 0.686754
0.722558 0.221657
0.807129 0.744634
0.791784 0.305015
0.969447 0.305260
0.820497 0.153794
0.831325 0.326156
0.053290 0.951707
0.370070 0.096799
0.428531 0.685814
0.601750 0.942975
0.373290 0.819951
0.980599 0.832505
0.744364 0.314628
0.092360 0.327431
0.103909 0.364731
0.338385 0.875628
0.542587 0.289904
0.472310 0.263880
0.818837 0.857155
0.047476 0.164830
0.669739 0.941257
0.060745 0.101811
0.767160 0.835699
0.337187 0.828409
0.942252 0.715457
0.490143 0.073715
0.982030 0.722546
0.612444 0.839594
0.513707 0.896318
0.207130 0.952848
0.235592 0.702685
0.249789 0.373076
0.027785 0.229919
0.689657 0.836062
0.281573 0.213421
0.142960 0.772928
0.123334 0.927817
0.009453 0.086857
0.076926 0.641957
0.751949 0.292069
0.107954 0.770908
0.618663 0.723799
0.923958 0.078694
0.659444 0.013430
0.866508 0.286589
0.489577 0.789470
0.724322 0.223921
0.888562 0.612980
0.320960 0.221883
0.986348 0.485107
0.786306 0.795534
0.485787 0.874763
0.007953 0.785171
0.097611 0.106078
0.876799 0.035459
0.123002 0.118106
0.590528 0.379212
0.908915 0.063365
0.459367 0.162415
0.722537 0.947157
0.370391 0.798072
0.443864 0.526191
0.309815 0.868687
0.359131 0.982903
0.117141 0.110654
0.252875 0.470967
0.950676 0.208568
0.942720 0.487826
0.780857 0.703456
0.378472 0.171701
0.595997 0.476108
0.435952 0.043357
0.904447 0.205237
0.575995 0.417033
0.547863 0.919847
0.610336 0.690280
0.802182 0.266228
0.918670 0.989051
0.236034 0.392177
0.594933 0.192248
0.820803 0.414556
0.165902 0.189035
0.342125 0.280990
0.721498 0.332554
0.249619 0.462531
0.523730 0.445309
0.699722 0.321272
0.419972 0.404333
0.695993 0.185461
0.676343 0.288324
0.911845 0.134295
0.168234 0.304333
0.992635 0.245639
0.217545 0.228154
0.877165 0.592068
0.750025 0.890425
0.953092 0.584167
0.861106 0.319561
0.666377 0.354699
0.324940 0.512993
0.541855 0.753270
0.058877 0.449759
0.440137 0.178322
0.064398 0.880384
0.275486 0.911760
0.905591 0.634067
0.349978 0.841262
0.357500 0.668541
0.921161 0.456295
0.459257 0.854586
0.613592 0.786061
0.840678 0.535013
0.809054 0.511110
0.856039 0.227061
0.205906 0.825062
0.755044 0.447465
0.324950 0.748854
0.848545 0.531089
0.857341 0.507174
0.385337 0.486861
0.399504 0.265199
0.646419 0.388821
0.300669 0.993491
0.584385 0.535486
0.060550 0.479885
0.188144 0.627320
0.957875 0.539418
0.636982 0.509929
0.364862 0.286841
0.222971 0.609736
0.508424 0.930959
0.967089 0.049225
0.275784 0.926052
0.831868 0.570439
0.030349 0.472823
0.442264 0.818284
0.303119 0.299822
0.266404 0.239282
0.655548 0.376006
0.279222 0.836768
0.971701 0.706085
0.234471 0.290138
0.930724 0.642505
0.804446 0.493584
0.435039 0.211436
0.011749 0.398883
0.325348 0.794817
0.573737 0.157136
0.800456 0.136519
0.007827 0.945961
0.578063 0.047887
0.604624 0.541501
0.982115 0.376437
0.665873 0.648701
0.822940 0.771148
0.725529 0.238673
0.148348 0.528847
0.824774 0.658541
0.686981 0.338326
0.295604 0.077054
0.079688 0.052384
0.922643 0.908311
0.800280 0.712652
0.799136 0.216324
0.004015 0.928077
0.670603 0.744734
0.410255 0.365144
0.068436 0.138854
0.725218 0.546409
0.075752 0.131299
0.041346 0.373617
0.139107 0.947834
0.111785 0.792689
0.942216 0.956665
0.391591 0.800067
0.991609 0.632242
0.261716 0.553374
0.229198 0.233754
0.907486 0.694105
0.683018 0.208843
0.910184 0.116010
0.894929 0.224678
0.728540 0.320071
0.622892 0.901347
0.896326 0.185448
0.105421 0.776676
0.942915 0.455506
0.997146 0.766896
0.755596 0.488983
0.936939 0.404193
0.345581 0.858631
0.593842 0.430040
0.754065 0.193083
0.951091 0.902284
0.140369 0.252484
0.534803 0.834346
0.931087 0.604352
0.271442 0.526469
0.277350 0.423381
0.666960 0.171803
0.966728 0.877397
0.040562 0.024231
0.366922 0.281347
0.617323 0.400181
0.940377 0.702245
0.386413 0.053273
0.362036 0.980178
0.765508 0.008496
0.296932 0.193967
0.276975 0.771728
0.449948 0.444803
0.637703 0.940740
0.586975 0.457172
0.892034 0.635453
0.844918 0.903569
0.475984 0.838034
0.797337 0.548022
0.391015 0.687571
0.423247 0.273144
0.986905 0.009350
0.338466 0.806422
0.205788 0.875425
0.392076 0.493668
0.523243 0.790975
0.005001 0.781049
0.237336 0.180079
0.433330 0.161818
0.202816 0.204857
0.475955 0.219868
0.585203 0.593556
0.014245 0.059441
0.718288 0.076003
0.170914 0.848800
0.688625 0.228931
0.805850 0.425417
0.841853 0.019071
0.528668 0.911183
0.008250 0.098463
0.400833 0.068393
0.878709 0.954327
0.024667 0.690708
0.627342 0.344914
0.772196 0.668069
0.573237 0.063114
0.493712 0.490455
0.401405 0.961207
0.164087 0.862662
0.221776 0.342985
0.574294 0.790710
0.535097 0.283580
0.356244 0.970236
0.995917 0.172676
0.340983 0.558210
0.715364 0.793404
0.493427 0.441523
0.730200 0.547048
0.441262 0.929471
0.179697 0.012802
0.921265 0.391918
0.678151 0.892177
0.303240 0.740850
0.348408 0.529240
0.719923 0.810291
0.990534 0.620737
0.230616 0.628021
0.899844 0.434243
0.876980 0.292265
0.919745 0.837833
0.451329 0.667483
0.417434 0.711385
0.290941 0.395639
0.004244 0.857445
0.436285 0.782795
0.987488 0.358725
0.046782 0.965590
0.736942 0.439631
0.054567 0.388168
0.376638 0.280821
0.654935 0.027318
0.471430 0.908659
0.381544 0.992079
0.667842 0.235510
0.195113 0.093797
0.569979 0.562206
0.226275 0.733569
0.483850 0.370574
0.556400 0.986278
0.047202 0.031799
0.694625 0.073864
0.177043 0.135485
0.214988 0.515207
0.213289 0.504634
0.354480 0.116004
0.614536 0.603351
0.240984 0.619208
0.070718 0.966954
0.819497 0.275102
0.437480 0.488251
0.475688 0.809796
0.468362 0.879118
0.817761 0.271915
0.923441 0.393086
0.070748 0.019468
0.266871 0.942531
0.061788 0.672374
0.830775 0.073124
0.830598 0.200834
0.019269 0.868590
0.486256 0.445728
0.853906 0.750387
0.049589 0.274438
0.920639 0.309801
0.669877 0.263961
0.568413 0.764034
0.785211 0.272935
0.030832 0.363217
0.507827 0.515135
0.994826 0.091897
0.758821 0.779267
0.024085 0.306365
0.451127 0.253322
0.160041 0.528337
0.325279 0.006511
0.969460 0.475810
0.879381 0.557770
0.285270 0.553554
0.202901 0.117034
0.896020 0.448512
0.423291 0.023976
0.479411 0.179532
0.905127 0.628633
0.146632 0.936142
0.303342 0.359299
0.066764 0.307759
0.065326 0.005305
0.774317 0.052494
0.001063 0.305795
0.927989 0.383881
0.096123 0.780298
0.485043 0.864173
0.829285 0.362911
0.483216 0.384456
0.874677 0.809111
0.880881 0.384699
0.217784 0.032700
0.196212 0.420942
0.395298 0.500099
0.007405 0.422181
0.780725 0.560220
0.728511 0.496110
0.580819 0.120320
0.459280 0.940738
0.482315 0.391762
0.122410 0.197997
0.694128 0.524310
0.547901 0.845795
0.467062 0.823570
0.641751 0.366596
0.041263 0.903417
0.285029 0.353435
0.371057 0.563712
0.149374 0.018400
0.907475 0.403366
0.186299 0.353942
0.180679 0.179747
0.150164 0.063993
0.917678 0.707698
0.148529 0.429717
0.955129 0.654859
0.878591 0.603818
0.262673 0.934758
0.904721 0.437691
0.979202 0.525098
0.059654 0.837286
0.482566 0.445863
0.810667 0.816422
0.162703 0.320405
0.222126 0.870390
0.748782 0.412332
0.967067 0.028012
0.752911 0.282053
0.693019 0.956969
0.836084 0.239015
0.931064 0.795006
0.676498 0.579180
0.652166 0.958783
0.225993 0.191989
0.521097 0.042436
0.077312 0.497060
0.875824 0.059561
0.033032 0.828070
0.468991 0.705155
0.866425 0.319772
0.048218 0.018162
0.695186 0.073801
0.923170 0.810624
0.350861 0.879920
0.769920 0.496027
0.619991 0.051571
0.056928 0.497308
0.257394 0.998068
0.641966 0.244058
0.227655 0.000522
0.285633 0.878836
0.717846 0.284531
0.054635 0.184097
0.082621 0.889904
0.846792 0.914082
0.032270 0.026199
0.559777 0.670147
0.054976 0.572518
0.746877 0.693319
0.276429 0.131035
0.955609 0.464503
0.703111 0.575931
0.328812 0.800609
0.069993 0.352899
0.462874 0.213940
0.319040 0.879090
0.964039 0.662585
0.071834 0.269378
0.621288 0.461118
0.327787 0.272016
0.623062 0.043772
0.018849 0.735254
0.785154 0.476367
0.982240 0.146213
0.328368 0.098611
0.374702 0.784272
0.347079 0.444994
0.544882 0.813467
0.743654 0.640350
0.904900 0.201876
0.068673 0.795279
0.397813 0.700677
0.403239 0.536934
0.744600 0.241557
0.147158 0.702317
0.772451 0.018381
0.335586 0.394076
0.775568 0.207471
0.896778 0.052851
0.040340 0.750634
0.084834 0.935654
0.378679 0.875986
0.173929 0.406266
0.756452 0.063893
0.384243 0.741586
0.878378 0.978816
0.924900 0.736890
0.896402 0.482557
0.985468 0.253351
0.245498 0.220396
0.485150 0.992768
0.978979 0.428837
0.397556 0.207294
0.874853 0.552146
0.509005 0.756052
0.015391 0.974593
0.539581 0.905898
0.503998 0.676301
0.658708 0.540175
0.476651 0.902807
0.560819 0.987153
0.589573 0.001940
0.431696 0.508964
0.720478 0.426337
0.332376 0.602189
0.707634 0.525885
0.755049 0.652836
0.569159 0.161626
0.364161 0.161338
0.794378 0.361121
0.225975 0.707254
0.979737 0.205000
0.151127 0.058763
0.293664 0.885398
0.127273 0.348579
0.997968 0.409226
0.202675 0.035828
0.527741 0.732659
0.596659 0.452485
0.437426 0.207990
0.259129 0.093348
0.857592 0.099967
0.578872 0.450098
0.975176 0.585929
0.449197 0.112894
0.449288 0.092576
0.439456 0.066995
0.605423 0.041901
0.392311 0.597296
0.712773 0.079804
0.369138 0.980249
0.642530 0.643133
0.499757 0.190498
0.729476 0.284367
0.957694 0.178646
0.714823 0.517900
0.978509 0.886939
0.235164 0.077827
0.566218 0.061251
0.440592 0.384409
0.291664 0.090591
0.974430 0.704816
0.376703 0.559474
0.727680 0.963525
0.079386 0.933838
0.493241 0.408683
0.247827 0.817788
0.888075 0.373004
0.794268 0.516323
0.685933 0.181228
0.755864 0.218256
0.008918 0.850894
0.555018 0.973948
0.663070 0.609179
0.049621 0.784029
0.271318 0.405747
0.972367 0.538158
0.756575 0.540061
0.398304 0.246968
0.158393 0.241313
0.951127 0.995686
0.728529 0.540122
0.561223 0.314541
0.743933 0.053361
0.722271 0.208896
0.500057 0.366966
0.358247 0.921162
0.503106 0.546290
0.608978 0.606902
0.966694 0.929557
0.069903 0.499118
0.336594 0.767184
0.280523 0.807596
0.716650 0.458235
0.546033 0.554245
0.749583 0.104964
0.497929 0.780761
0.718372 0.857422
0.151921 0.081511
0.376998 0.052299
0.605283 0.212412
0.293811 0.463653
0.930779 0.605659
0.296403 0.077929
0.270634 0.980529
0.943801 0.681602
0.611521 0.882067
0.819964 0.207058
0.230356 0.902334
0.841958 0.220756
0.340706 0.542979
0.706883 0.157472
0.040910 0.163267
0.063500 0.905389
0.267581 0.224273
0.987707 0.129031
0.091887 0.087830
0.865398 0.280499
0.361113 0.957905
0.841925 0.594215
0.384253 0.162428
0.584271 0.486354
0.087923 0.865205
0.220252 0.687344
0.827703 0.470400
0.968412 0.124323
0.830024 0.436166
0.153011 0.040163
0.061014 0.949361
0.010371 0.086619
0.171277 0.929887
0.936017 0.161429
0.049324 0.131035
0.596494 0.572639
0.431467 0.681332
0.635364 0.708158
0.962229 0.273726
0.539822 0.764539
0.076899 0.349552
0.602541 0.246190
0.086614 0.047581
0.812754 0.884706
0.886432 0.392531
0.941253 0.347738
0.778109 0.182809
0.045894 0.607789
0.001850 0.303813
0.117380 0.123557
0.705101 0.741008
0.609468 0.049927
0.241474 0.396067
0.153465 0.537409
0.889181 0.919748
0.843735 0.807857
0.305929 0.166737
0.099147 0.100463
0.295951 0.550588
0.254789 0.770537
0.754969 0.530952
0.718931 0.793310
0.980091 0.700659
0.742158 0.675946
0.884260 0.456827
0.588721 0.313215
0.038591 0.037982
0.174613 0.635718
0.881038 0.788339
0.042502 0.994300
0.876058 0.870678
0.880585 0.100275
0.887539 0.290909
0.660598 0.998281
0.535997 0.020222
0.869604 0.987096
0.851116 0.204865
0.240888 0.623441
0.101986 0.938899
0.851153 0.944797
0.289936 0.841929
0.444413 0.829476
0.422633 0.731614
0.367370 0.975664
0.353183 0.009896
0.556753 0.325886
0.664236 0.992224
0.605965 0.889312
0.804651 0.300651
0.056606 0.821556
0.445049 0.614535
0.709800 0.310101
0.808651 0.526684
0.932959 0.283185
0.555049 0.988122
0.649506 0.210996
0.647129 0.841264
0.942255 0.300224
0.515133 0.239143
0.975556 0.196499
0.746904 0.327421
0.246978 0.903980
0.479626 0.426283
0.016211 0.007330
0.645932 0.090896
0.127051 0.438532
0.236024 0.851994
0.337719 0.969499
0.777500 0.142213
0.705450 0.331125
0.305869 0.899192
0.533196 0.360436
0.201263 0.603032
0.879448 0.859697
0.400670 0.053558
0.656592 0.914828
0.660021 0.021943
0.898899 0.265194
0.736770 0.021601
0.868133 0.942822
0.591150 0.834841
0.282951 0.806322
0.963060 0.104649
0.107664 0.783251
0.971588 0.255059
0.016612 0.604411
0.705466 0.238908
0.862292 0.564534
0.125286 0.128404
0.218572 0.376022
0.982093 0.361759
0.344725 0.495918
0.872026 0.538251
0.721669 0.400976
0.992943 0.014443
0.648736 0.161704
0.646522 0.195858
0.257439 0.323453
0.038118 0.341294
0.698135 0.541126
0.466690 0.901048
0.186124 0.633802
0.568399 0.895665
0.055670 0.726523
0.880022 0.608434
0.963561 0.928755
0.622124 0.912723
0.908258 0.562485
0.266941 0.884311
0.786355 0.297655
0.152260 0.959253
0.794951 0.678600
0.130068 0.789411
0.106745 0.432396
0.997583 0.120630
0.894046 0.638487
0.248285 0.472639
0.958560 0.308703
0.501861 0.135121
0.935747 0.177743
0.824524 0.010974
0.285681 0.536422
0.034960 0.135669
0.056778 0.753486
0.006164 0.280678
0.714413 0.726472
0.919770 0.909319
0.163361 0.878134
0.406960 0.894971
0.461168 0.472115
0.518865 0.834433
0.618960 0.960080
0.509404 0.493336
0.316874 0.792204
0.484784 0.905860
0.323203 0.623923
0.076424 0.917590
0.899508 0.134057
0.427874 0.508219
0.498378 0.732904
0.951322 0.059908
0.616161 0.283625
0.505564 0.847437
0.749925 0.586216
0.874877 0.417927
0.026051 0.780599
0.687000 0.200713
0.217309 0.013825
0.198485 0.642103
0.545872 0.686119
0.696942 0.395057
0.881707 0.341478
0.622283 0.610473
0.688900 0.800739
0.892819 0.174565
0.346887 0.448542
0.337126 0.815977
0.279263 0.680305
0.578872 0.366576
0.659706 0.391335
0.199352 0.101500
0.332764 0.047403
0.511256 0.006884
0.986625 0.314602
0.817221 0.027779
0.545689 0.446026
0.598047 0.834141
0.212650 0.623792
0.677946 0.409355
0.582979 0.237134
0.048025 0.813630
0.779096 0.640807
0.694217 0.803693
0.607195 0.282738
0.472166 0.600541
0.326599 0.215846
0.799130 0.988660
0.739674 0.916188
0.691728 0.102922
0.959764 0.018043
0.468416 0.713493
0.395267 0.046307
0.256857 0.554459
0.199861 0.477513
0.298892 0.258422
0.682102 0.493033
0.929604 0.757237
0.941982 0.601502
0.022021 0.588106
0.307734 0.902219
0.635263 0.404637
0.983057 0.137259
0.581511 0.134040
0.683124 0.837259
0.635944 0.644533
0.937134 0.804320
0.153832 0.491075
0.165832 0.895184
0.930274 0.292940
0.604346 0.568836
0.240584 0.563229
0.633844 0.944891
0.133150 0.358266
0.109941 0.182615
0.211601 0.943930
0.831423 0.835158
0.339426 0.786333
0.379813 0.459528
0.927710 0.565845
0.178411 0.170106
0.725465 0.586317
0.768920 0.011935
0.322044 0.905470
0.984368 0.999761
0.892446 0.747760
0.909003 0.419796
0.068825 0.277614
0.258969 0.523365
0.205342 0.608825
0.092005 0.055108
0.718507 0.004948
0.560056 0.153112
0.631463 0.585929
0.755615 0.034339
0.928203 0.497773
0.570762 0.535940
0.832487 0.424929
0.887313 0.021505
0.666290 0.529158
0.347095 0.381060
0.513869 0.384006
0.413355 0.854554
0.520104 0.240611
0.427408 0.190855
0.285544 0.008410
0.889078 0.217704
0.485627 0.663435
0.245150 0.242829
0.537834 0.407215
0.056944 0.832403
0.868081 0.790923
0.536309 0.420233
0.086444 0.192247
0.088734 0.889558
0.172322 0.486559
0.682946 0.739063
0.590487 0.489340
0.578278 0.695690
0.111950 0.763365
0.184238 0.669043
0.997408 0.682071
0.601156 0.755678
0.116041 0.219565
0.696422 0.596285
0.518744 0.798138
0.407749 0.764741
0.962402 0.665715
0.333066 0.025260
0.890606 0.698533
0.566061 0.232315
0.416259 0.228456
0.167043 0.367751
0.922797 0.479660
0.620721 0.710490
0.003286 0.466046
0.125655 0.416429
0.590473 0.748573
0.584557 0.849648
0.295870 0.280829
0.720268 0.850724
0.172255 0.681468
0.829164 0.753974
0.341539 0.663797
0.301905 0.372634
0.188683 0.025598
0.190858 0.359484
0.112439 0.556401
0.784175 0.320141
0.144947 0.454770
0.358439 0.807233
0.104776 0.364761
0.024955 0.855875
0.331772 0.938565
0.859147 0.034359
0.467129 0.911447
0.308238 0.078696
0.188378 0.035456
0.209244 0.055614
0.286536 0.859966
0.617538 0.655848
0.981427 0.269968
0.045600 0.658047
0.911267 0.897136
0.642269 0.823325
0.803841 0.004039
0.304715 0.481484
0.439181 0.208474
0.708504 0.852138
0.147425 0.462739
0.765565 0.707475
0.750579 0.031784
0.075510 0.328098
0.553183 0.824505
0.522684 0.829350
0.714457 0.324078
0.289484 0.842811
0.093232 0.536045
0.205897 0.226048
0.447071 0.827002
0.535877 0.943513
0.688236 0.262068
0.013091 0.512381
0.751707 0.065912
0.181722 0.439415
0.514251 0.129998
0.872450 0.888371
0.118576 0.067762
0.949372 0.412208
0.002893 0.179830
0.300552 0.960340
0.913739 0.832962
0.413054 0.528390
0.188736 0.179272
0.772725 0.756387
0.635951 0.846357
0.759641 0.501066
0.407848 0.214351
0.672089 0.908923
0.370357 0.162485
0.005054 0.798879
0.601359 0.715618
0.133670 0.226915
0.817928 0.850277
0.107694 0.949732
0.727990 0.830122
0.350008 0.130498
0.529542 0.832337
0.670323 0.036950
0.039425 0.299298
0.154649 0.670601
0.223631 0.403986
0.171778 0.235540
0.222451 0.252943
0.949942 0.106261
0.316288 0.967199
0.919949 0.486219
0.661758 0.579412
0.295547 0.262264
0.042739 0.764608
0.167408 0.654837
0.327315 0.782213
0.724040 0.139784
0.799101 0.648721
0.081108 0.774887
0.040229 0.483142
0.600052 0.502661
0.583311 0.171517
0.507553 0.220724
0.120980 0.982121
0.089321 0.411986
0.664152 0.529566
0.724837 0.909176
0.673953 0.533895
0.554080 0.931649
0.857267 0.149837
0.622980 0.877192
0.012173 0.251743
0.941182 0.477494
0.037079 0.951353
0.003945 0.833175
0.976130 0.798356
0.979361 0.532756
0.763519 0.567839
0.942754 0.529676
0.150630 0.274049
0.252057 0.702420
0.152458 0.066523
0.401103 0.055088
0.233552 0.962447
0.462180 0.329164
0.368771 0.948258
0.534891 0.392005
0.060427 0.843817
0.455244 0.143545
0.370918 0.46409